8801919469954 
8801910563773 
8801955729567 
8801946796230 
8801404895927 
8801967180119 
8801961998720 
8801952839821 
8801994819846 
8801970853549 
8801987457215 
8801966566345 
8801912667331 
8801952783271 
8801908276578 
8801935341883 
8801963294189 
8801939949448 
8801942132248 
8801909186375 
8801973685712 
8801923441915 
8801981141663 
8801917898823 
8801407615041 
8801919039644 
8801409278858 
8801908639560 
8801976086317 
8801937680144 
8801919429426 
8801911992585 
8801956615754 
8801915509492 
8801920662494 
8801957211390 
8801405894199 
8801989464911 
8801992249112 
8801977424583 
8801917403784 
8801988381689 
8801956516408 
